{abias_x: 0.0, abias_y: 0.0, abias_z: 0.0, gbias_x: -0.004873082820443066, gbias_y: -0.0022431677727018503,
  gbias_z: -0.003143394115523099, gyro_rate: 1000.0, rot_x: -3.0535298646328917, rot_y: 0.07979593555081343,
  rot_z: -0.12905816022369937, time_offset: 2.3280178898330735}
